	20
Achterhoek	0.0000	0.3363	0.4487	0.2867	0.3027	0.3707	0.3550	0.4205	0.4233	0.4102	0.4004	0.4534	0.2904	0.3391	0.4374	0.3194	0.3615	0.3970	0.3768	0.4347
Antwerp	0.3363	0.0000	0.3626	0.3862	0.2617	0.3834	0.3780	0.4076	0.4558	0.4514	0.4467	0.4822	0.3675	0.3865	0.4726	0.2506	0.4328	0.4600	0.3891	0.4105
Biel	0.4487	0.3626	0.0000	0.3662	0.3810	0.4724	0.3709	0.2980	0.4787	0.3706	0.4317	0.3807	0.3892	0.3564	0.3956	0.3790	0.3304	0.4140	0.3031	0.4066
Cologne	0.2867	0.3862	0.3662	0.0000	0.4026	0.4406	0.2805	0.3574	0.4607	0.3249	0.2841	0.3486	0.3213	0.2001	0.3569	0.4129	0.2279	0.2810	0.3114	0.2919
Std_Dutch_BE	0.3027	0.2617	0.3810	0.4026	0.0000	0.3361	0.3497	0.3999	0.4341	0.4511	0.4503	0.4766	0.3445	0.3769	0.4772	0.2685	0.4338	0.4533	0.4223	0.4274
Std_Dutch_NL	0.3707	0.3834	0.4724	0.4406	0.3361	0.0000	0.3971	0.4754	0.4734	0.4294	0.4390	0.4611	0.3486	0.4082	0.4957	0.3360	0.4396	0.4737	0.4734	0.4378
Feer	0.3550	0.3780	0.3709	0.2805	0.3497	0.3971	0.0000	0.3314	0.4187	0.3836	0.1750	0.3709	0.3444	0.2391	0.3806	0.3658	0.2535	0.2124	0.3598	0.2626
Graubuenden	0.4205	0.4076	0.2980	0.3574	0.3999	0.4754	0.3314	0.0000	0.4589	0.3519	0.4119	0.3915	0.3672	0.3216	0.3289	0.3507	0.2659	0.3394	0.2347	0.3686
Grou	0.4233	0.4558	0.4787	0.4607	0.4341	0.4734	0.4187	0.4589	0.0000	0.5446	0.4596	0.5426	0.4272	0.4487	0.5274	0.4322	0.4503	0.4825	0.4968	0.4810
Hard	0.4102	0.4514	0.3706	0.3249	0.4511	0.4294	0.3836	0.3519	0.5446	0.0000	0.4118	0.3557	0.3853	0.2830	0.3366	0.4686	0.3021	0.3985	0.2802	0.3911
Heligoland	0.4004	0.4467	0.4317	0.2841	0.4503	0.4390	0.1750	0.4119	0.4596	0.4118	0.0000	0.4020	0.3720	0.2381	0.4157	0.4585	0.2982	0.2166	0.4160	0.2656
Herrlisheim	0.4534	0.4822	0.3807	0.3486	0.4766	0.4611	0.3709	0.3915	0.5426	0.3557	0.4020	0.0000	0.3237	0.3299	0.2533	0.4658	0.3267	0.3987	0.3784	0.3977
Limburg	0.2904	0.3675	0.3892	0.3213	0.3445	0.3486	0.3444	0.3672	0.4272	0.3853	0.3720	0.3237	0.0000	0.3148	0.2972	0.3170	0.2954	0.3257	0.3898	0.4132
Luxembourg	0.3391	0.3865	0.3564	0.2001	0.3769	0.4082	0.2391	0.3216	0.4487	0.2830	0.2381	0.3299	0.3148	0.0000	0.3422	0.3944	0.2072	0.2268	0.2936	0.2717
Ortisei	0.4374	0.4726	0.3956	0.3569	0.4772	0.4957	0.3806	0.3289	0.5274	0.3366	0.4157	0.2533	0.2972	0.3422	0.0000	0.4419	0.2989	0.3700	0.3469	0.3956
Ostend	0.3194	0.2506	0.3790	0.4129	0.2685	0.3360	0.3658	0.3507	0.4322	0.4686	0.4585	0.4658	0.3170	0.3944	0.4419	0.0000	0.4057	0.4362	0.3826	0.4448
Tuebingen	0.3615	0.4328	0.3304	0.2279	0.4338	0.4396	0.2535	0.2659	0.4503	0.3021	0.2982	0.3267	0.2954	0.2072	0.2989	0.4057	0.0000	0.2442	0.2804	0.3132
Veenkolonien	0.3970	0.4600	0.4140	0.2810	0.4533	0.4737	0.2124	0.3394	0.4825	0.3985	0.2166	0.3987	0.3257	0.2268	0.3700	0.4362	0.2442	0.0000	0.3657	0.1716
Walser	0.3768	0.3891	0.3031	0.3114	0.4223	0.4734	0.3598	0.2347	0.4968	0.2802	0.4160	0.3784	0.3898	0.2936	0.3469	0.3826	0.2804	0.3657	0.0000	0.3803
Westerkwartier	0.4347	0.4105	0.4066	0.2919	0.4274	0.4378	0.2626	0.3686	0.4810	0.3911	0.2656	0.3977	0.4132	0.2717	0.3956	0.4448	0.3132	0.1716	0.3803	0.0000
