% Requires the packages booktabs, xcolor, calc.
% Based on: https://tex.stackexchange.com/a/445291
\newlength\BARWIDTH
\setlength\BARWIDTH{1cm}
\def\bwbar#1{%%
#1 {\color{black!100}\rule{#1cm}{8pt}}{\color{black!30}\rule{\BARWIDTH - #1 cm}{8pt}}}
\begin{tabular}{l r r r}
\toprule
Doculect & Cluster A & Cluster B & Cluster C\\\midrule
Walser & \bwbar{0.65} & \bwbar{0.18} & \bwbar{0.16}\\
Ortisei & \bwbar{0.65} & \bwbar{0.21} & \bwbar{0.14}\\
Hard & \bwbar{0.62} & \bwbar{0.22} & \bwbar{0.16}\\
Graub\"{u}nden & \bwbar{0.60} & \bwbar{0.22} & \bwbar{0.19}\\
Herrlisheim & \bwbar{0.59} & \bwbar{0.24} & \bwbar{0.17}\\
T\"{u}bingen & \bwbar{0.52} & \bwbar{0.36} & \bwbar{0.12}\\
Biel & \bwbar{0.51} & \bwbar{0.22} & \bwbar{0.27}\\
Limburg & \bwbar{0.39} & \bwbar{0.25} & \bwbar{0.36}\\
Veenkoloni\"{e}n & \bwbar{0.12} & \bwbar{0.81} & \bwbar{0.06}\\
Heligoland & \bwbar{0.13} & \bwbar{0.78} & \bwbar{0.08}\\
Feer & \bwbar{0.16} & \bwbar{0.72} & \bwbar{0.12}\\
Westerkwartier & \bwbar{0.19} & \bwbar{0.70} & \bwbar{0.11}\\
Luxembourg & \bwbar{0.33} & \bwbar{0.54} & \bwbar{0.13}\\
Cologne & \bwbar{0.39} & \bwbar{0.44} & \bwbar{0.17}\\
Std. Dutch (BE) & \bwbar{0.12} & \bwbar{0.10} & \bwbar{0.78}\\
Ostend & \bwbar{0.13} & \bwbar{0.09} & \bwbar{0.78}\\
Antwerp & \bwbar{0.14} & \bwbar{0.11} & \bwbar{0.74}\\
Std. Dutch (NL) & \bwbar{0.24} & \bwbar{0.21} & \bwbar{0.56}\\
Achterhoek & \bwbar{0.25} & \bwbar{0.21} & \bwbar{0.54}\\
Grou & \bwbar{0.30} & \bwbar{0.29} & \bwbar{0.41}\\
\bottomrule
\end{tabular}
